17 1767198705 14.000000 10 7.000000 7.000000 0.000000
17 1767198720 6.000000 10 3.000000 3.000000 0.000000
17 1767198725 8.000000 8 5.000000 5.000000 0.000000
17 1767198730 2.000000 2 5.000000 5.000000 0.000000
17 1767198735 12.800000 10 1.000000 7.000000 1.800000
17 1767198745 17.600000 88 1.000000 1.000000 0.000000
17 1767198750 45.800000 229 1.000000 1.000000 0.000000
17 1767198755 50.400000 247 1.000000 6.000000 0.317498
17 1767198760 64.000000 320 1.000000 1.000000 0.000000
17 1767198765 114.600000 573 1.000000 1.000000 0.000000
17 1767198770 116.800000 584 1.000000 1.000000 0.000000
17 1767198775 116.200000 581 1.000000 1.000000 0.000000
17 1767198780 96.000000 480 1.000000 1.000000 0.000000
17 1767198785 78.000000 390 1.000000 1.000000 0.000000
17 1767198790 97.600000 488 1.000000 1.000000 0.000000
17 1767198795 122.000000 610 1.000000 1.000000 0.000000
17 1767198800 109.400000 547 1.000000 1.000000 0.000000
17 1767198805 122.000000 610 1.000000 1.000000 0.000000
17 1767198810 152.200000 761 1.000000 1.000000 0.000000
17 1767198815 148.600000 743 1.000000 1.000000 0.000000
17 1767198820 125.000000 625 1.000000 1.000000 0.000000
17 1767198825 101.800000 509 1.000000 1.000000 0.000000
17 1767198830 94.600000 473 1.000000 1.000000 0.000000
17 1767198835 130.600000 653 1.000000 1.000000 0.000000
17 1767198840 133.800000 669 1.000000 1.000000 0.000000
17 1767198845 129.000000 645 1.000000 1.000000 0.000000
17 1767198850 140.800000 704 1.000000 1.000000 0.000000
17 1767198855 138.800000 694 1.000000 1.000000 0.000000
17 1767198860 146.600000 733 1.000000 1.000000 0.000000
17 1767198865 187.200000 936 1.000000 1.000000 0.000000
17 1767198870 211.200000 1056 1.000000 1.000000 0.000000
17 1767198875 174.000000 870 1.000000 1.000000 0.000000
17 1767198880 144.000000 720 1.000000 1.000000 0.000000
17 1767198885 157.400000 787 1.000000 1.000000 0.000000
17 1767198890 72.800000 364 1.000000 1.000000 0.000000
17 1767198895 133.600000 668 1.000000 1.000000 0.000000
17 1767198900 165.400000 827 1.000000 1.000000 0.000000
17 1767198905 139.800000 699 1.000000 1.000000 0.000000
17 1767198910 177.400000 887 1.000000 1.000000 0.000000
17 1767198915 159.800000 799 1.000000 1.000000 0.000000
17 1767198920 140.000000 700 1.000000 1.000000 0.000000
17 1767198925 163.400000 817 1.000000 1.000000 0.000000
17 1767198930 85.000000 425 1.000000 1.000000 0.000000
17 1767198935 99.400000 497 1.000000 1.000000 0.000000
17 1767198940 54.400000 272 1.000000 1.000000 0.000000
17 1767198945 77.400000 387 1.000000 1.000000 0.000000
17 1767198950 91.000000 455 1.000000 1.000000 0.000000
17 1767198955 75.400000 377 1.000000 1.000000 0.000000
17 1767198960 73.800000 369 1.000000 1.000000 0.000000
17 1767198965 80.800000 404 1.000000 1.000000 0.000000
17 1767198970 71.000000 355 1.000000 1.000000 0.000000
17 1767198975 111.000000 555 1.000000 1.000000 0.000000
17 1767198980 87.400000 437 1.000000 1.000000 0.000000
17 1767198985 151.800000 759 1.000000 1.000000 0.000000
17 1767198990 86.400000 432 1.000000 1.000000 0.000000
17 1767198995 84.600000 423 1.000000 1.000000 0.000000
17 1767199000 92.000000 460 1.000000 1.000000 0.000000
17 1767199005 65.000000 325 1.000000 1.000000 0.000000
17 1767199010 83.600000 418 1.000000 1.000000 0.000000
17 1767199015 80.400000 402 1.000000 1.000000 0.000000
17 1767199020 89.000000 445 1.000000 1.000000 0.000000
17 1767199025 138.400000 692 1.000000 1.000000 0.000000
17 1767199030 128.800000 644 1.000000 1.000000 0.000000
17 1767199035 161.600000 808 1.000000 1.000000 0.000000
17 1767199040 173.600000 868 1.000000 1.000000 0.000000
17 1767199045 67.800000 339 1.000000 1.000000 0.000000
17 1767199050 101.800000 509 1.000000 1.000000 0.000000
17 1767199055 80.800000 404 1.000000 1.000000 0.000000
17 1767199060 53.600000 268 1.000000 1.000000 0.000000
17 1767199065 73.600000 368 1.000000 1.000000 0.000000
17 1767199070 88.000000 440 1.000000 1.000000 0.000000
17 1767199075 84.200000 421 1.000000 1.000000 0.000000
17 1767199080 50.400000 252 1.000000 1.000000 0.000000
17 1767199085 66.800000 334 1.000000 1.000000 0.000000
17 1767199090 73.600000 368 1.000000 1.000000 0.000000
17 1767199095 106.000000 530 1.000000 1.000000 0.000000
17 1767199100 160.800000 804 1.000000 1.000000 0.000000
17 1767199105 37.800000 189 1.000000 1.000000 0.000000
17 1767199110 75.400000 377 1.000000 1.000000 0.000000
17 1767199115 100.200000 501 1.000000 1.000000 0.000000
17 1767199120 128.000000 640 1.000000 1.000000 0.000000
17 1767199125 124.800000 624 1.000000 1.000000 0.000000
17 1767199130 153.200000 766 1.000000 1.000000 0.000000
17 1767199135 89.800000 449 1.000000 1.000000 0.000000
17 1767199140 34.200000 171 1.000000 1.000000 0.000000
17 1767199145 108.600000 543 1.000000 1.000000 0.000000
17 1767199150 59.200000 296 1.000000 1.000000 0.000000
17 1767199155 117.000000 585 1.000000 1.000000 0.000000
17 1767199160 128.000000 640 1.000000 1.000000 0.000000
17 1767199165 56.800000 284 1.000000 1.000000 0.000000
17 1767199170 82.400000 412 1.000000 1.000000 0.000000
17 1767199175 58.600000 293 1.000000 1.000000 0.000000
17 1767199180 68.800000 344 1.000000 1.000000 0.000000
17 1767199185 57.600000 288 1.000000 1.000000 0.000000
17 1767199190 48.000000 240 1.000000 1.000000 0.000000
17 1767199195 41.600000 208 1.000000 1.000000 0.000000
17 1767199200 57.400000 287 1.000000 1.000000 0.000000
17 1767199205 40.400000 202 1.000000 1.000000 0.000000
17 1767199210 45.600000 228 1.000000 1.000000 0.000000
17 1767199215 37.800000 189 1.000000 1.000000 0.000000
17 1767199220 46.200000 231 1.000000 1.000000 0.000000
17 1767199225 35.000000 175 1.000000 1.000000 0.000000
17 1767199230 23.000000 115 1.000000 1.000000 0.000000
17 1767199235 22.000000 110 1.000000 1.000000 0.000000
17 1767199240 22.750000 91 1.000000 1.000000 0.000000
