18 1767198705 20.000000 1 2.000000 2.000000 0.000000
18 1767198720 30.000000 1 3.000000 3.000000 0.000000
18 1767198725 50.000000 1 5.000000 5.000000 0.000000
18 1767198735 20.000000 1 2.000000 2.000000 0.000000
18 1767198745 -72.000000 1 -7.000000 0.000000 1.806508
18 1767198750 8.000000 1 -1.000000 1.000000 0.205593
18 1767198755 0.000000 1 0.000000 0.000000 0.000000
18 1767198760 20.000000 1 0.000000 2.000000 0.347985
18 1767198765 -9.000000 1 -1.000000 1.000000 0.137542
18 1767198770 -6.000000 1 -6.000000 0.000000 0.248069
18 1767198775 0.000000 1 0.000000 0.000000 0.000000
18 1767198780 0.000000 1 0.000000 0.000000 0.000000
18 1767198785 -2.000000 1 -1.000000 0.000000 0.071337
18 1767198790 20.000000 1 0.000000 2.000000 0.283351
18 1767198795 0.000000 1 0.000000 0.000000 0.000000
18 1767198800 1.000000 1 0.000000 1.000000 0.042718
18 1767198805 0.000000 1 0.000000 0.000000 0.000000
18 1767198810 0.000000 1 0.000000 0.000000 0.000000
18 1767198815 0.000000 1 0.000000 0.000000 0.000000
18 1767198820 8.000000 1 0.000000 2.000000 0.159487
18 1767198825 0.000000 1 0.000000 0.000000 0.000000
18 1767198830 0.000000 1 0.000000 0.000000 0.000000
18 1767198835 0.000000 1 0.000000 0.000000 0.000000
18 1767198840 0.000000 1 0.000000 0.000000 0.000000
18 1767198845 0.000000 1 0.000000 0.000000 0.000000
18 1767198850 0.000000 1 0.000000 0.000000 0.000000
18 1767198855 0.000000 1 0.000000 0.000000 0.000000
18 1767198860 0.000000 1 0.000000 0.000000 0.000000
18 1767198865 0.000000 1 0.000000 0.000000 0.000000
18 1767198870 0.000000 1 0.000000 0.000000 0.000000
18 1767198875 0.000000 1 0.000000 0.000000 0.000000
18 1767198880 0.000000 1 0.000000 0.000000 0.000000
18 1767198885 0.000000 1 0.000000 0.000000 0.000000
18 1767198890 0.000000 1 0.000000 0.000000 0.000000
18 1767198895 0.000000 1 0.000000 0.000000 0.000000
18 1767198900 0.000000 1 0.000000 0.000000 0.000000
18 1767198905 0.000000 1 0.000000 0.000000 0.000000
18 1767198910 0.000000 1 0.000000 0.000000 0.000000
18 1767198915 -1.000000 1 -1.000000 0.000000 0.035333
18 1767198920 0.000000 1 0.000000 0.000000 0.000000
18 1767198925 1.000000 1 0.000000 1.000000 0.034964
18 1767198930 0.000000 1 0.000000 0.000000 0.000000
18 1767198935 0.000000 1 0.000000 0.000000 0.000000
18 1767198940 0.000000 1 0.000000 0.000000 0.000000
18 1767198945 0.000000 1 0.000000 0.000000 0.000000
18 1767198950 0.000000 1 0.000000 0.000000 0.000000
18 1767198955 0.000000 1 0.000000 0.000000 0.000000
18 1767198960 0.000000 1 0.000000 0.000000 0.000000
18 1767198965 0.000000 1 0.000000 0.000000 0.000000
18 1767198970 0.000000 1 0.000000 0.000000 0.000000
18 1767198975 0.000000 1 0.000000 0.000000 0.000000
18 1767198980 0.000000 1 0.000000 0.000000 0.000000
18 1767198985 0.000000 1 0.000000 0.000000 0.000000
18 1767198990 0.000000 1 0.000000 0.000000 0.000000
18 1767198995 0.000000 1 0.000000 0.000000 0.000000
18 1767199000 0.000000 1 0.000000 0.000000 0.000000
18 1767199005 0.000000 1 0.000000 0.000000 0.000000
18 1767199010 0.000000 1 -2.000000 2.000000 0.248216
18 1767199015 0.000000 1 0.000000 0.000000 0.000000
18 1767199020 0.000000 1 0.000000 0.000000 0.000000
18 1767199025 0.000000 1 0.000000 0.000000 0.000000
18 1767199030 0.000000 1 0.000000 0.000000 0.000000
18 1767199035 0.000000 1 0.000000 0.000000 0.000000
18 1767199040 0.000000 1 0.000000 0.000000 0.000000
18 1767199045 0.000000 1 0.000000 0.000000 0.000000
18 1767199050 0.000000 1 0.000000 0.000000 0.000000
18 1767199055 0.000000 1 0.000000 0.000000 0.000000
18 1767199060 0.000000 1 0.000000 0.000000 0.000000
18 1767199065 0.000000 1 0.000000 0.000000 0.000000
18 1767199070 0.000000 1 0.000000 0.000000 0.000000
18 1767199075 0.000000 1 0.000000 0.000000 0.000000
18 1767199080 0.000000 1 0.000000 0.000000 0.000000
18 1767199085 0.000000 1 0.000000 0.000000 0.000000
18 1767199090 0.000000 1 0.000000 0.000000 0.000000
18 1767199095 0.000000 1 0.000000 0.000000 0.000000
18 1767199100 0.000000 1 0.000000 0.000000 0.000000
18 1767199105 0.000000 1 0.000000 0.000000 0.000000
18 1767199110 0.000000 1 0.000000 0.000000 0.000000
18 1767199115 0.000000 1 0.000000 0.000000 0.000000
18 1767199120 -10.000000 1 -2.000000 0.000000 0.176085
18 1767199125 0.000000 1 0.000000 0.000000 0.000000
18 1767199130 0.000000 1 0.000000 0.000000 0.000000
18 1767199135 -10.000000 1 -2.000000 0.000000 0.209875
18 1767199140 0.000000 1 0.000000 0.000000 0.000000
18 1767199145 0.000000 1 0.000000 0.000000 0.000000
18 1767199150 -10.000000 1 -2.000000 0.000000 0.257733
18 1767199155 0.000000 1 0.000000 0.000000 0.000000
18 1767199160 0.000000 1 0.000000 0.000000 0.000000
18 1767199165 -10.000000 1 -2.000000 0.000000 0.263026
18 1767199170 0.000000 1 0.000000 0.000000 0.000000
18 1767199175 0.000000 1 0.000000 0.000000 0.000000
18 1767199180 -10.000000 1 -2.000000 0.000000 0.239363
18 1767199185 0.000000 1 0.000000 0.000000 0.000000
18 1767199190 0.000000 1 0.000000 0.000000 0.000000
18 1767199195 -10.000000 1 -2.000000 0.000000 0.306337
18 1767199200 0.000000 1 0.000000 0.000000 0.000000
18 1767199205 0.000000 1 0.000000 0.000000 0.000000
18 1767199210 -10.000000 1 -2.000000 0.000000 0.292909
18 1767199215 0.000000 1 0.000000 0.000000 0.000000
18 1767199220 0.000000 1 0.000000 0.000000 0.000000
18 1767199225 -10.000000 1 -2.000000 0.000000 0.333197
18 1767199230 0.000000 1 0.000000 0.000000 0.000000
18 1767199235 0.000000 1 0.000000 0.000000 0.000000
18 1767199240 -8.000000 1 -2.000000 0.000000 0.409995
